#	MODELO	DE	CAPTURA	A	LA	EDAD	M3A															
#numero	de	años.																				
40																						
#numero	de	edades.																				
23																						
#edad	minima.																					
2																						
##Año	Captura	cv	CPUE	cv	Bcru	cv	nm_flo	nm_cru														
1978	3621	0.05	0	0	0	0	0	0														
1979	2602	0.05	0	0	0	0	0	0														
1980	3288	0.05	0	0	0	0	0	0														
1981	5088	0.05	0	0	0	0	0	0														
1982	3231	0.05	0	0	0	0	70	0														
1983	3067	0.05	0	0	0	0	70	0														
1984	1839	0.05	0	0	0	0	70	0														
1985	2871	0.05	0	0	0	0	70	0														
1986	2611	0.05	0	0	0	0	70	0														
1987	2573	0.05	0	0	0	0	70	0														
1988	4710	0.05	0	0	0	0	70	0														
1989	5578	0.05	0	0	0	0	70	0														
1990	3931	0.05	0	0	0	0	70	0														
1991	2609	0.05	0	0	0	0	70	0														
1992	5149	0.05	0	0	0	0	70	0														
1993	27607	0.05	0	0	0	0	70	0														
1994	4664	0.05	0	0	0	0	70	0														
1995	77302	0.05	0	0	0	0	70	0														
1996	82376	0.05	0	0	0	0	70	0														
1997	86240	0.05	11.8	0.2	0	0	70	0														
1998	79236	0.05	7.9	0.2	0	0	70	0														
1999	69393	0.05	6.8	0.2	0	0	70	0														
2000	67557	0.05	7.6	0.2	0	0	70	0														
2001	62062	0.05	7.7	0.2	199980	0.2	70	70														
2002	53967	0.05	9.3	0.2	179600	0.2	70	70														
2003	56053	0.05	7.9	0.2	174380	0.2	70	70														
2004	57253	0.05	6.6	0.2	0	0	70	0														
2005	42674	0.05	6.6	0.2	177140	0.2	70	70														
2006	44965	0.05	5.7	0.2	128520	0.2	70	70														
2007	39506	0.05	6.8	0.2	98898	0.2	70	70														
2008	38515	0.05	6.9	0.2	93672	0.2	70	70														
2009	36175	0.05	5.8	0.2	111000	0.2	70	70														
2010	29012	0.05	5.5	0.2	0	0	70	0														
2011	21736	0.05	6.3	0.2	129427	0.2	70	70														
2012	23333	0.05	3.9	0.2	87759	0.2	70	70														
2013	19381	0.05	4.5	0.2	60941	0.2	70	70														
2014	17116	0.05	3.4	0.2	37349	0.2	70	70														
2015	17141	0.05	4.6	0.2	76001	0.2	70	70														
2016	10247	0.05	4.2	0.2	97042	0.2	70	70														
2017	8313	0.05	0	0	0	0	0	0														
#	Captura	a	la	edad																		
#2	3	4	5	6	7	8	9	10	11	12	13	14	15	16	17	18	19	20	21	22	23	24
0	0	0	0	0	0	0	0	0	0	0	0	0	0	0	0	0	0	0	0	0	0	0
0	0	0	0	0	0	0	0	0	0	0	0	0	0	0	0	0	0	0	0	0	0	0
0	0	0	0	0	0	0	0	0	0	0	0	0	0	0	0	0	0	0	0	0	0	0
0	0	0	0	0	0	0	0	0	0	0	0	0	0	0	0	0	0	0	0	0	0	0
100	107	537	783	513	444	621	519	452	507	441	289	398	235	214	149	61	71	45	19	9	5	1
631	576	1705	1588	1188	1108	1629	1446	1334	1529	1258	765	1067	552	505	310	133	152	97	40	18	8	2
464	473	1693	2285	1571	1439	1997	1618	1380	1513	1254	784	1084	601	547	365	151	173	109	43	17	7	2
289	614	2456	2890	1803	1498	1959	1507	1227	1303	1042	628	871	464	426	288	129	153	112	54	29	17	4
692	319	1684	2923	1869	1361	1580	1080	812	821	645	383	539	273	251	163	69	81	53	23	11	6	2
295	210	808	1884	1768	1295	1359	752	465	387	282	153	221	103	95	67	30	37	29	14	8	5	2
263	222	804	1188	1057	1014	1271	849	597	561	420	241	340	162	148	97	41	48	39	19	14	10	3
122	87	282	662	698	718	893	568	371	326	236	138	193	98	91	69	31	39	33	17	11	8	2
59973	196090	477235	336070	598415	219359	1138880	569805	487422	213895	273875	236528	299541	84404	95535	72756	87441	0	0	0	0	0	0
136128	170161	172999	625145	357132	443321	373155	637044	292901	150950	93393	129553	145125	68345	31493	44667	45851	0	0	0	0	0	0
78991	775763	600348	404594	1871733	1239023	1118587	390469	1022200	318226	302895	189262	81941	170288	88339	84656	12477	0	0	0	0	0	0
692643	1677524	3394919	2927914	4597849	8681218	6940491	5013826	2394789	4881933	1970728	916937	696211	612675	549619	372180	217555	0	0	0	0	0	0
6102	542427	856700	1311060	484373	328520	705765	518485	564793	421775	852201	573748	262003	101410	86554	38023	10746	0	0	0	0	0	0
38823	249356	846018	1428069	3043139	2756317	1214794	4844173	3166095	2824316	1935985	2856320	1278299	668453	535760	87822	432620	0	0	0	0	0	0
36726	633046	639368	1689739	1840857	3502933	4123940	2809041	4391033	4124878	3421231	2712797	2735442	1240486	570084	374468	94422	0	0	0	0	0	0
117899	132805	2014662	1331004	3129858	2532986	4029615	2781375	2243590	4612182	2745402	2520504	1123748	1163827	543753	381163	122461	126201	153705	0	0	0	0
66056	163802	659466	2025213	1157608	2460183	1815790	5145197	3127073	2729291	4095157	2411248	1915853	1214918	1182885	668444	197296	165491	73832	72616	49859	38408	0
548144	3954864	3552808	2539876	11411562	4279876	4627427	2335854	3616429	2561376	1787072	3196881	1800433	1235157	666325	1287022	390699	230199	126057	20513	0	94257	0
2539808	1163398	1911803	966468	1178792	2926841	1814396	3193946	990746	3793706	2164808	1177138	3739089	1138469	1185879	626457	886540	344692	39945	14227	7462	2085	0
402749	5283605	1800580	2973550	1750849	1104385	3229048	1296504	2572848	1336103	2386142	1517539	1317115	2214649	1223686	695071	388993	569649	75859	38815	0	0	19408
193684	324777	3463366	1191450	2244622	1462660	1328663	2645119	1565382	2493072	1031609	2441273	1669569	1265640	1939366	1003354	646530	172183	540654	29028	0	0	19001
50718	394649	901604	3970611	1763290	1726144	1375328	1075688	1709061	1162085	1811166	1256866	2584801	2035357	1381585	2152398	1038875	792856	370612	365666	9361	15093	13391
132684	590804	1097578	2725579	5047002	3438583	2042523	860082	1080961	1975797	875419	1341644	905207	2534450	1224692	1394507	1272345	451806	489740	175257	31559	96116	7934
147151	212618	619043	1639940	2312325	5274694	4630109	1833226	2006970	810904	1714920	1280180	1940308	1017194	1571096	1233287	687632	705745	264372	91833	107599	8838	0
243145	543092	881555	2093891	2963317	2405929	4649357	2014631	1379521	759612	1189039	2152313	1767867	1847262	1327929	1869390	1078754	779229	700055	485511	369390	105991	79934
33852	566779	1105941	1560338	1877941	2177995	1783407	2983502	1447347	1567296	1013996	637404	1063982	726696	1210631	928609	1139518	682814	1410882	1168001	641702	265299	86736
214394	828041	3515585	2487801	1675450	1615552	1226320	1695850	2652274	2094940	2374590	1064428	730642	1284178	815822	1713863	1855831	1599435	1463026	690384	482390	18613	54660
88682	341253	1234218	4827718	4327387	2315294	1518695	1144506	1467598	1779873	1533486	1028799	792424	782805	1370550	1179290	1055652	1271250	1026707	575025	245415	15171	442
336664	831700	915675	1478168	3262242	4180122	2676036	1694977	1936201	1033135	2220932	1273153	1037823	1123762	834554	1042405	1151638	1001952	886274	883174	314383	18617	30403
46379	755314	1999871	989321	2114078	1929601	4325790	1838098	3777076	1328079	2383096	1593484	3026421	1011591	1992769	498955	1370074	852186	1519950	475933	740265	122190	186933
604159	476965	2326217	2873475	1750991	1650682	2287588	1843560	1555730	1692732	1420053	924622	1243036	823816	768265	696757	400871	505269	486148	256946	165327	92777	24881
86960	642098	874400	2606960	4502477	2271702	1117230	1441591	1353675	1106222	1362395	1025429	703402	653000	479457	379139	430955	384066	424145	294737	165270	162965	49457
84181	459233	2408369	3045658	3404925	2591920	1080035	545427	728181	346086	272075	253104	277644	158370	333417	204301	152510	201370	84889	85757	64824	5974	10504
172283	1842673	2576726	1809191	3358358	1964973	1959390	767837	511370	433222	382241	146512	255895	268648	213836	224456	127890	175600	115090	39512	41820	28170	0
220029	715992	1801468	2502060	1307207	1300459	1322079	1605126	945946	386526	344081	260526	254130	254271	272672	206917	153154	120936	240723	72759	41110	51994	64484
0	0	0	0	0	0	0	0	0	0	0	0	0	0	0	0	0	0	0	0	0	0	0
#	Captura	crucero	a	la	edad																	
#2	3	4	5	6	7	8	9	10	11	12	13	14	15	16	17	18	19	20	21	22	23	24
0	0	0	0	0	0	0	0	0	0	0	0	0	0	0	0	0	0	0	0	0	0	0
0	0	0	0	0	0	0	0	0	0	0	0	0	0	0	0	0	0	0	0	0	0	0
0	0	0	0	0	0	0	0	0	0	0	0	0	0	0	0	0	0	0	0	0	0	0
0	0	0	0	0	0	0	0	0	0	0	0	0	0	0	0	0	0	0	0	0	0	0
0	0	0	0	0	0	0	0	0	0	0	0	0	0	0	0	0	0	0	0	0	0	0
0	0	0	0	0	0	0	0	0	0	0	0	0	0	0	0	0	0	0	0	0	0	0
0	0	0	0	0	0	0	0	0	0	0	0	0	0	0	0	0	0	0	0	0	0	0
0	0	0	0	0	0	0	0	0	0	0	0	0	0	0	0	0	0	0	0	0	0	0
0	0	0	0	0	0	0	0	0	0	0	0	0	0	0	0	0	0	0	0	0	0	0
0	0	0	0	0	0	0	0	0	0	0	0	0	0	0	0	0	0	0	0	0	0	0
0	0	0	0	0	0	0	0	0	0	0	0	0	0	0	0	0	0	0	0	0	0	0
0	0	0	0	0	0	0	0	0	0	0	0	0	0	0	0	0	0	0	0	0	0	0
0	0	0	0	0	0	0	0	0	0	0	0	0	0	0	0	0	0	0	0	0	0	0
0	0	0	0	0	0	0	0	0	0	0	0	0	0	0	0	0	0	0	0	0	0	0
0	0	0	0	0	0	0	0	0	0	0	0	0	0	0	0	0	0	0	0	0	0	0
0	0	0	0	0	0	0	0	0	0	0	0	0	0	0	0	0	0	0	0	0	0	0
0	0	0	0	0	0	0	0	0	0	0	0	0	0	0	0	0	0	0	0	0	0	0
0	0	0	0	0	0	0	0	0	0	0	0	0	0	0	0	0	0	0	0	0	0	0
0	0	0	0	0	0	0	0	0	0	0	0	0	0	0	0	0	0	0	0	0	0	0
0	0	0	0	0	0	0	0	0	0	0	0	0	0	0	0	0	0	0	0	0	0	0
0	0	0	0	0	0	0	0	0	0	0	0	0	0	0	0	0	0	0	0	0	0	0
0	0	0	0	0	0	0	0	0	0	0	0	0	0	0	0	0	0	0	0	0	0	0
0	0	0	0	0	0	0	0	0	0	0	0	0	0	0	0	0	0	0	0	0	0	0
1594	11402	3700	8707	10861	10710	22352	13367	20022	16837	29502	25028	21943	20816	9023	9141	3963	3768	2386	0	0	0	0
1199	1530	15092	5043	11748	5849	7071	8995	11100	16036	12931	20430	15803	19057	16322	12630	6985	4473	4021	0	0	0	0
100	2251	3017	18144	4347	9067	7545	5344	13918	6819	20823	9224	18107	17420	10956	14408	7437	4581	4793	0	0	0	0
0	0	0	0	0	0	0	0	0	0	0	0	0	0	0	0	0	0	0	0	0	0	0
365	645	3212	5195	7206	19333	9176	9760	5702	6901	11697	9582	17718	13282	23506	16094	9303	5268	10698	0	0	0	0
403	1510	4093	14663	11833	6990	29466	10925	11423	3287	6006	7763	4249	9528	8250	5464	5691	4467	7260	0	0	0	0
262	1414	4270	6469	3688	4895	5338	10299	2813	6334	2128	2581	5506	6235	6759	3570	11971	7565	10169	0	0	0	0
1236	4471	13568	7753	5553	7504	5562	6183	12270	3972	5719	2620	3580	5413	4132	4572	3947	5842	5384	4755	2631	913	216
6679152	12036094	11876614	33422970	19322978	8760585	8531399	11112221	5223757	11090596	5779027	7615809	6519111	4185313	3963307	4112628	2373119	3483015	3287662	2740587	1665276	306393	141710
0	0	0	0	0	0	0	0	0	0	0	0	0	0	0	0	0	0	0	0	0	0	0
1359088	7430736	5063869	10811388	7220838	5998136	6807421	8717743	5893447	9538454	4348540	5422019	4306917	2766674	2677984	2869653	1587326	2834008	2597296	2618962	1914800	360637	413153
1256202	3783434	26519241	15486391	9293562	8373952	13845752	9245137	9161983	6837229	4964949	3444134	4384263	2433325	2853876	1294889	1032890	1358011	1491208	561373	623962	360163	72984
1226599	3046946	6148445	34482093	22864644	9952225	4235663	4797627	2957591	2545121	3424829	2610703	1364672	1591352	1192256	1294582	741273	718914	677901	514944	492650	364345	132836
375629	600579	17707700	4022463	17712075	11335005	4367635	2034458	3632774	2029092	1295446	998120	1111596	1773500	989377	818189	424191	256924	553725	273791	172066	113222	47024
6340175	24320590	15299341	46993100	14771175	27562167	9952617	5083723	2599364	2495334	1937104	1103229	1577835	722277	338867	826516	186049	489430	675062	97278	255349	161684	68039
2868767	11072067	25173372	7508670	23920176	8338247	30865621	13086168	6096068	4536722	6460452	3524483	1433477	2429598	1668697	1334960	1204704	784529	728798	528270	170207	611371	99693
0	0	0	0	0	0	0	0	0	0	0	0	0	0	0	0	0	0	0	0	0	0	0
#	Wm																					
#2	3	4	5	6	7	8	9	10	11	12	13	14	15	16	17	18	19	20	21	22	23	24
0.18	0.24	0.29	0.42	0.47	0.53	0.62	0.7	0.76	0.82	0.86	0.92	0.96	1.03	1.08	1.07	1.17	1.19	1.24	1.23	1.41	1.4	1.67
0.18	0.24	0.29	0.42	0.47	0.53	0.62	0.7	0.76	0.82	0.86	0.92	0.96	1.03	1.08	1.07	1.17	1.19	1.24	1.23	1.41	1.4	1.67
0.18	0.24	0.29	0.42	0.47	0.53	0.62	0.7	0.76	0.82	0.86	0.92	0.96	1.03	1.08	1.07	1.17	1.19	1.24	1.23	1.41	1.4	1.67
0.18	0.24	0.29	0.42	0.47	0.53	0.62	0.7	0.76	0.82	0.86	0.92	0.96	1.03	1.08	1.07	1.17	1.19	1.24	1.23	1.41	1.4	1.67
0.18	0.24	0.29	0.42	0.47	0.53	0.62	0.7	0.76	0.82	0.86	0.92	0.96	1.03	1.08	1.07	1.17	1.19	1.24	1.23	1.41	1.4	1.67
0.18	0.24	0.29	0.42	0.47	0.53	0.62	0.7	0.76	0.82	0.86	0.92	0.96	1.03	1.08	1.07	1.17	1.19	1.24	1.23	1.41	1.4	1.67
0.18	0.24	0.29	0.42	0.47	0.53	0.62	0.7	0.76	0.82	0.86	0.92	0.96	1.03	1.08	1.07	1.17	1.19	1.24	1.23	1.41	1.4	1.67
0.18	0.24	0.29	0.42	0.47	0.53	0.62	0.7	0.76	0.82	0.86	0.92	0.96	1.03	1.08	1.07	1.17	1.19	1.24	1.23	1.41	1.4	1.67
0.18	0.24	0.29	0.42	0.47	0.53	0.62	0.7	0.76	0.82	0.86	0.92	0.96	1.03	1.08	1.07	1.17	1.19	1.24	1.23	1.41	1.4	1.67
0.18	0.24	0.29	0.42	0.47	0.53	0.62	0.7	0.76	0.82	0.86	0.92	0.96	1.03	1.08	1.07	1.17	1.19	1.24	1.23	1.41	1.4	1.67
0.18	0.24	0.29	0.42	0.47	0.53	0.62	0.7	0.76	0.82	0.86	0.92	0.96	1.03	1.08	1.07	1.17	1.19	1.24	1.23	1.41	1.4	1.67
0.18	0.24	0.29	0.42	0.47	0.53	0.62	0.7	0.76	0.82	0.86	0.92	0.96	1.03	1.08	1.07	1.17	1.19	1.24	1.23	1.41	1.4	1.67
0.18	0.24	0.29	0.42	0.47	0.53	0.62	0.7	0.76	0.82	0.86	0.92	0.96	1.03	1.08	1.07	1.17	1.19	1.24	1.23	1.41	1.4	1.67
0.18	0.24	0.29	0.42	0.47	0.53	0.62	0.7	0.76	0.82	0.86	0.92	0.96	1.03	1.08	1.07	1.17	1.19	1.24	1.23	1.41	1.4	1.67
0.18	0.24	0.29	0.42	0.47	0.53	0.62	0.7	0.76	0.82	0.86	0.92	0.96	1.03	1.08	1.07	1.17	1.19	1.24	1.23	1.41	1.4	1.67
0.18	0.24	0.29	0.42	0.47	0.53	0.62	0.7	0.76	0.82	0.86	0.92	0.96	1.03	1.08	1.07	1.17	1.19	1.24	1.23	1.41	1.4	1.67
0.18	0.24	0.29	0.42	0.47	0.53	0.62	0.7	0.76	0.82	0.86	0.92	0.96	1.03	1.08	1.07	1.17	1.19	1.24	1.23	1.41	1.4	1.67
0.18	0.24	0.29	0.42	0.47	0.53	0.62	0.7	0.76	0.82	0.86	0.92	0.96	1.03	1.08	1.07	1.17	1.19	1.24	1.23	1.41	1.4	1.67
0.18	0.24	0.29	0.42	0.47	0.53	0.62	0.7	0.76	0.82	0.86	0.92	0.96	1.03	1.08	1.07	1.17	1.19	1.24	1.23	1.41	1.4	1.67
0.18	0.24	0.29	0.42	0.47	0.53	0.62	0.7	0.76	0.82	0.86	0.92	0.96	1.03	1.08	1.07	1.17	1.19	1.24	1.23	1.41	1.4	1.67
0.18	0.24	0.29	0.42	0.47	0.53	0.62	0.7	0.76	0.82	0.86	0.92	0.96	1.03	1.08	1.07	1.17	1.19	1.24	1.23	1.41	1.4	1.67
0.18	0.24	0.29	0.42	0.47	0.53	0.62	0.7	0.76	0.82	0.86	0.92	0.96	1.03	1.08	1.07	1.17	1.19	1.24	1.23	1.41	1.4	1.67
0.18	0.24	0.29	0.42	0.47	0.53	0.62	0.7	0.76	0.82	0.86	0.92	0.96	1.03	1.08	1.07	1.17	1.19	1.24	1.23	1.41	1.4	1.67
0.18	0.24	0.29	0.42	0.47	0.53	0.62	0.7	0.76	0.82	0.86	0.92	0.96	1.03	1.08	1.07	1.17	1.19	1.24	1.23	1.41	1.4	1.67
0.18	0.24	0.29	0.42	0.47	0.53	0.62	0.7	0.76	0.82	0.86	0.92	0.96	1.03	1.08	1.07	1.17	1.19	1.24	1.23	1.41	1.4	1.67
0.18	0.24	0.29	0.42	0.47	0.53	0.62	0.7	0.76	0.82	0.86	0.92	0.96	1.03	1.08	1.07	1.17	1.19	1.24	1.23	1.41	1.4	1.67
0.18	0.24	0.29	0.42	0.47	0.53	0.62	0.7	0.76	0.82	0.86	0.92	0.96	1.03	1.08	1.07	1.17	1.19	1.24	1.23	1.41	1.4	1.67
0.18	0.24	0.29	0.42	0.47	0.53	0.62	0.7	0.76	0.82	0.86	0.92	0.96	1.03	1.08	1.07	1.17	1.19	1.24	1.23	1.41	1.4	1.67
0.18	0.24	0.29	0.42	0.47	0.53	0.62	0.7	0.76	0.82	0.86	0.92	0.96	1.03	1.08	1.07	1.17	1.19	1.24	1.23	1.41	1.4	1.67
0.18	0.24	0.29	0.42	0.47	0.53	0.62	0.7	0.76	0.82	0.86	0.92	0.96	1.03	1.08	1.07	1.17	1.19	1.24	1.23	1.41	1.4	1.67
0.18	0.24	0.29	0.42	0.47	0.53	0.62	0.7	0.76	0.82	0.86	0.92	0.96	1.03	1.08	1.07	1.17	1.19	1.24	1.23	1.41	1.4	1.67
0.18	0.24	0.29	0.42	0.47	0.53	0.62	0.7	0.76	0.82	0.86	0.92	0.96	1.03	1.08	1.07	1.17	1.19	1.24	1.23	1.41	1.4	1.67
0.18	0.24	0.29	0.42	0.47	0.53	0.62	0.7	0.76	0.82	0.86	0.92	0.96	1.03	1.08	1.07	1.17	1.19	1.24	1.23	1.41	1.4	1.67
0.18	0.24	0.29	0.42	0.47	0.53	0.62	0.7	0.76	0.82	0.86	0.92	0.96	1.03	1.08	1.07	1.17	1.19	1.24	1.23	1.41	1.4	1.67
0.18	0.24	0.29	0.42	0.47	0.53	0.62	0.7	0.76	0.82	0.86	0.92	0.96	1.03	1.08	1.07	1.17	1.19	1.24	1.23	1.41	1.4	1.67
0.18	0.24	0.29	0.42	0.47	0.53	0.62	0.7	0.76	0.82	0.86	0.92	0.96	1.03	1.08	1.07	1.17	1.19	1.24	1.23	1.41	1.4	1.67
0.18	0.24	0.29	0.42	0.47	0.53	0.62	0.7	0.76	0.82	0.86	0.92	0.96	1.03	1.08	1.07	1.17	1.19	1.24	1.23	1.41	1.4	1.67
0.18	0.24	0.29	0.42	0.47	0.53	0.62	0.7	0.76	0.82	0.86	0.92	0.96	1.03	1.08	1.07	1.17	1.19	1.24	1.23	1.41	1.4	1.67
0.18	0.24	0.29	0.42	0.47	0.53	0.62	0.7	0.76	0.82	0.86	0.92	0.96	1.03	1.08	1.07	1.17	1.19	1.24	1.23	1.41	1.4	1.67
0.18	0.24	0.29	0.42	0.47	0.53	0.62	0.7	0.76	0.82	0.86	0.92	0.96	1.03	1.08	1.07	1.17	1.19	1.24	1.23	1.41	1.4	1.67
#	edades	y	madurez	sexual																		
0.017553293	0.06198469	0.168122896	0.344450166	0.543170878	0.704974452	0.812703021	0.878420991	0.917841006	0.941906553	0.957066396	0.966956402	0.97363238	0.978282431	0.981613389	0.984058933	0.985893336	0.987295101	0.988383551	0.989240437	0.989923051	0.990472383	0.990918319
#	CONTROLES	DEL	MODELO																			
#_________________________________________________________________________________																						
#	Coeficiente	de	variación	de	los	reclutamientos																
#	sigmaR	#Roprior																				
	0.6	200000																				
#	fases	de	calculo	de#	sigmaR	y	Ro															
	1	1																				
#	dt	desove	dt	CPUE	dt	Crucero																
	0.583	0.583	0.583																			
#	Steepness	y	M																			
0.75	0.18																					
#coeficiente	de	hiper	estabilidad	de	la	CPUE	(1=proporcional)calculado	en	el	archivo	hiper.xlsx											
0.5378																						
#	PARAMETROS	DE	SELECTIVIDAD																			
#____________________________________________________																						
#	A50	sigma	1	sigma	2	(A50=	edad	primera	captura)													
	15	2	1000																			
#	Número	de	bloques	de	selectividad	flota	y	años	de	inicio												
#5																						
#1978	1995	1999	2002	2005																		
#6																						
#1978	1995	1999	2002	2004	2007																	
3																						
1978 1995 2007																						
#	Número	de	bloques	de	selectividad	crucero	y	años	de	inicio												
2																						
1978	2009																					
#	Número	de	bloques	de	capturabilidad	flota	y	años	de	inicio												
1																						
1978																						
#	Número	de	bloques	de	capturabilidad	crucero	y	años	de	inicio												
1																						
1978																						
#_________________________________________________________________																						
#	FASES	DE	ESTIMACION	DE	PARAMETROS																	
#	(valores	negativos	=	no	se	estiman)																
#	Estimacion	del	coeficiente	de	capturabilidad	qflota	y	qcrucero														
5	-6																					
#	Estimacion	parámetro	de	hiper	estabilidad	(b)	de	la	CPUE													
-3																						
#	Estimacion	de	la	selectividad	flota	y	cruceros															
4	5																					
#	Estimación	de	la	mortalidad	por	pesca																
3																						
#	Estimacion	variación	anual	de	reclutamientos																	
2																						
#	Estimacion	condición	inicial	(si	es	<0	esta	en	equilibrio)													
-1																						
#	PROYECCION	DE	LA	POBLACION																		
#____________________________________________________																						
#numero	de	escenarios																				
6.00E+00																						
#Frms																						
0.1722																						
#	Multiplos	de	mFrms																			
1.00E-05	0.2	0.4	0.6	0.8	1																	
#0.00001	0.04	0.08	0.12	0.16	0.2																	
#	Años	a	proyectar	y	fracción	de	Rmed	a	considerar													
40	1																					
#	ESTIMA	-1	O	CALCULA	0	si	tiene	*.pin														
#____________________________________________________																						
1																						
